INFORMATION CENTRALITY
--------------------------------------------------------------------------------

Input dataset:                C:\Program Files\Analytic Technologies\Ucinet 6\DataFiles\Centrality2HW\PADGETT15


                1            2            3            4            5            6            7            8            9           10           11           12           13           14           15
     ------------ ------------ ------------ ------------ ------------ ------------ ------------ ------------ ------------ ------------ ------------ ------------ ------------ ------------ ------------
  1         1.088       -0.051       -0.022       -0.165       -0.132       -0.118       -0.123       -0.190        0.154       -0.046       -0.167       -0.024        0.021       -0.139       -0.020
  2        -0.051        0.486       -0.094       -0.075       -0.136        0.420        0.091        0.024        0.016       -0.184       -0.131       -0.058       -0.118       -0.117       -0.006
  3        -0.022       -0.094        0.591       -0.026        0.204       -0.160       -0.099       -0.165        0.045       -0.155        0.050       -0.009       -0.089        0.038       -0.043
  4        -0.165       -0.075       -0.026        0.483        0.114       -0.141        0.083        0.016       -0.099       -0.299        0.241        0.000       -0.232        0.193       -0.028
  5        -0.132       -0.136        0.204        0.114        0.540       -0.203       -0.074       -0.141       -0.065       -0.265        0.268        0.006       -0.198        0.215       -0.067
  6        -0.118        0.420       -0.160       -0.141       -0.203        1.353        0.024       -0.043       -0.051       -0.251       -0.198       -0.125       -0.184       -0.183       -0.073
  7        -0.123        0.091       -0.099        0.083       -0.074        0.024        0.371        0.305       -0.057       -0.257       -0.029       -0.026       -0.190       -0.028        0.074
  8        -0.190        0.024       -0.165        0.016       -0.141       -0.043        0.305        1.238       -0.123       -0.323       -0.095       -0.092       -0.257       -0.095        0.008
  9         0.154        0.016        0.045       -0.099       -0.065       -0.051       -0.057       -0.123        0.221        0.021       -0.101        0.043        0.088       -0.072        0.047
 10        -0.046       -0.184       -0.155       -0.299       -0.265       -0.251       -0.257       -0.323        0.021        1.821       -0.301       -0.157        0.888       -0.272       -0.153
 11        -0.167       -0.131        0.050        0.241        0.268       -0.198       -0.029       -0.095       -0.101       -0.301        0.565        0.008       -0.234        0.254       -0.063
 12        -0.024       -0.058       -0.009        0.000        0.006       -0.125       -0.026       -0.092        0.043       -0.157        0.008        0.392       -0.090        0.085        0.114
 13         0.021       -0.118       -0.089       -0.232       -0.198       -0.184       -0.190       -0.257        0.088        0.888       -0.234       -0.090        0.954       -0.205       -0.086
 14        -0.139       -0.117        0.038        0.193        0.215       -0.183       -0.028       -0.095       -0.072       -0.272        0.254        0.085       -0.205        0.420       -0.027
 15        -0.020       -0.006       -0.043       -0.028       -0.067       -0.073        0.074        0.008        0.047       -0.153       -0.063        0.114       -0.086       -0.027        0.390


Actor Information Centralities

                          1
                     Inform
               ------------
  1 ACCIAIUOL         0.554
  2   ALBIZZI         0.830
  3 BARBADORI         0.763
  4  BISCHERI         0.832
  5 CASTELLAN         0.794
  6    GINORI         0.483
  7  GUADAGNI         0.917
  8 LAMBERTES         0.511
  9    MEDICI         1.064
 10     PAZZI         0.394
 11   PERUZZI         0.779
 12   RIDOLFI         0.901
 13  SALVIATI         0.598
 14   STROZZI         0.878
 15 TORNABUON         0.902


STATISTICS

                         1
                    Inform
              ------------
  1     Mean         0.747
  2  Std Dev         0.187
  3      Sum        11.200
  4 Variance         0.035
  5      SSQ         8.885
  6    MCSSQ         0.522
  7 Euc Norm         2.981
  8  Minimum         0.394
  9  Maximum         1.064


ERROR: Actor 1 has degree zero. Data adjusted by adding 0.1 to this actor's data.
ERROR: Actor 2 has degree zero. Data adjusted by adding 0.1 to this actor's data.
ERROR: Actor 12 has degree zero. Data adjusted by adding 0.1 to this actor's data.
ERROR: Actor 14 has degree zero. Data adjusted by adding 0.1 to this actor's data.

                1            2            3            4            5            6            7            8            9           10           11           12           13           14           15
     ------------ ------------ ------------ ------------ ------------ ------------ ------------ ------------ ------------ ------------ ------------ ------------ ------------ ------------ ------------
  1        10.000       -0.000       -0.818       -0.818       -0.818       -0.818       -0.818       -0.818       -0.818       -0.818       -0.818        0.000       -0.818        0.000       -0.818
  2        -0.000       10.000       -0.818       -0.818       -0.818       -0.818       -0.818       -0.818       -0.818       -0.818       -0.818        0.000       -0.818        0.000       -0.818
  3        -0.909       -0.909        0.581        0.242        0.366        0.399        0.209        0.267        0.308        0.217        0.341       -0.909        0.217       -0.909        0.217
  4        -0.909       -0.909        0.242        0.976        0.463        0.060        0.779        0.673       -0.031       -0.122        0.566       -0.909       -0.122       -0.909       -0.122
  5        -0.909       -0.909        0.366        0.463        0.769        0.184        0.449        0.525        0.093        0.002        0.508       -0.909        0.002       -0.909        0.002
  6        -0.909       -0.909        0.399        0.060        0.184        0.884        0.027        0.085        0.460        0.369        0.159       -0.909        0.369       -0.909        0.369
  7        -0.909       -0.909        0.209        0.779        0.449        0.027        1.201        0.713       -0.064       -0.155        0.515       -0.909       -0.155       -0.909       -0.155
  8        -0.909       -0.909        0.267        0.673        0.525        0.085        0.713        0.844       -0.006       -0.097        0.554       -0.909       -0.097       -0.909       -0.097
  9        -0.909       -0.909        0.308       -0.031        0.093        0.460       -0.064       -0.006        0.702        0.611        0.068       -0.909        0.611       -0.909        0.611
 10        -0.909       -0.909        0.217       -0.122        0.002        0.369       -0.155       -0.097        0.611        1.520       -0.023       -0.909        0.520       -0.909        0.520
 11        -0.909       -0.909        0.341        0.566        0.508        0.159        0.515        0.554        0.068       -0.023        0.720       -0.909       -0.023       -0.909       -0.023
 12        -0.000        0.000       -0.818       -0.818       -0.818       -0.818       -0.818       -0.818       -0.818       -0.818       -0.818       10.000       -0.818        0.000       -0.818
 13        -0.909       -0.909        0.217       -0.122        0.002        0.369       -0.155       -0.097        0.611        0.520       -0.023       -0.909        1.520       -0.909        0.520
 14        -0.000        0.000       -0.818       -0.818       -0.818       -0.818       -0.818       -0.818       -0.818       -0.818       -0.818        0.000       -0.818       10.000       -0.818
 15        -0.909       -0.909        0.217       -0.122        0.002        0.369       -0.155       -0.097        0.611        0.520       -0.023       -0.909        0.520       -0.909        1.520


Actor Information Centralities

                          1
                     Inform
               ------------
  1 ACCIAIUOL         0.075
  2   ALBIZZI         0.075
  3 BARBADORI         0.259
  4  BISCHERI         0.235
  5 CASTELLAN         0.247
  6    GINORI         0.240
  7  GUADAGNI         0.223
  8 LAMBERTES         0.242
  9    MEDICI         0.251
 10     PAZZI         0.208
 11   PERUZZI         0.250
 12   RIDOLFI         0.075
 13  SALVIATI         0.208
 14   STROZZI         0.075
 15 TORNABUON         0.208


STATISTICS

                         1
                    Inform
              ------------
  1     Mean         0.192
  2  Std Dev         0.072
  3      Sum         2.873
  4 Variance         0.005
  5      SSQ         0.627
  6    MCSSQ         0.077
  7 Euc Norm         0.792
  8  Minimum         0.075
  9  Maximum         0.259


INFORM = Information Centrality

Output actor-by-centrality measure matrix saved as dataset C:\Program Files\Analytic Technologies\Ucinet 6\DataFiles\Centrality2HW\Information

----------------------------------------
Running time:  00:00:01
Output generated:  03 Feb 09 17:57:27
Copyright (c) 2002-8 Analytic Technologies

